[gd_scene load_steps=22 format=2]

[ext_resource path="res://OQ_Toolkit/OQ_ARVROrigin.tscn" type="PackedScene" id=1]
[ext_resource path="res://One.gd" type="Script" id=2]
[ext_resource path="res://OQ_Toolkit/OQ_LeftController.tscn" type="PackedScene" id=3]
[ext_resource path="res://OQ_Toolkit/OQ_RightController.tscn" type="PackedScene" id=4]
[ext_resource path="res://OQ_Toolkit/OQ_ARVRCamera.tscn" type="PackedScene" id=5]
[ext_resource path="res://OQ_Toolkit/OQ_UI2D/OQ_UI2DLogWindow.tscn" type="PackedScene" id=6]
[ext_resource path="res://OQ_Toolkit/OQ_ARVROrigin/Locomotion_Stick.tscn" type="PackedScene" id=7]
[ext_resource path="res://OQ_Toolkit/OQ_ARVROrigin/Feature_Falling.tscn" type="PackedScene" id=8]
[ext_resource path="res://OQ_Toolkit/OQ_ARVROrigin/Feature_Climbing.tscn" type="PackedScene" id=9]
[ext_resource path="res://OQ_Toolkit/OQ_ARVROrigin/Feature_PlayerCollision.tscn" type="PackedScene" id=10]
[ext_resource path="res://OQ_Toolkit/OQ_ARVRController/Feature_StaticGrab.tscn" type="PackedScene" id=11]
[ext_resource path="res://OQ_Toolkit/OQ_ARVROrigin/scripts/Feature_PlayerCollision.gd" type="Script" id=12]
[ext_resource path="res://assets/pexels-life-of-pix-8892.jpg" type="Texture" id=13]

[sub_resource type="BoxShape" id=9]
extents = Vector3( 2.94898, 0.100974, 12.5929 )

[sub_resource type="CubeMesh" id=6]

[sub_resource type="SpatialMaterial" id=7]
albedo_color = Color( 0.219608, 0.129412, 0.105882, 1 )

[sub_resource type="BoxShape" id=5]
extents = Vector3( 8.33695, 0.001, 8.11548 )

[sub_resource type="SpatialMaterial" id=8]
albedo_color = Color( 0.219608, 0.219608, 0.219608, 1 )

[sub_resource type="SpatialMaterial" id=10]
albedo_color = Color( 0.352941, 0.352941, 0.352941, 1 )
albedo_texture = ExtResource( 13 )

[sub_resource type="CubeMesh" id=11]
material = SubResource( 10 )

[sub_resource type="BoxShape" id=12]
extents = Vector3( 1.00563, 0.990247, 0.972112 )

[node name="Spatial" type="Spatial"]
transform = Transform( 1, 0, 0, 0, 1, 0, 0, 0, 1, 0.0292063, 32.3127, 0.0245972 )
script = ExtResource( 2 )

[node name="OQ_ARVROrigin" parent="." instance=ExtResource( 1 )]
transform = Transform( -0.999936, 0, 0.0113443, 0, 1, 0, -0.0113443, 0, -0.999936, -1.86265e-09, 0, 0 )
script = ExtResource( 12 )

[node name="OQ_ARVRCamera" parent="OQ_ARVROrigin" instance=ExtResource( 5 )]

[node name="OQ_LeftController" parent="OQ_ARVROrigin" instance=ExtResource( 3 )]

[node name="Feature_StaticGrab" parent="OQ_ARVROrigin/OQ_LeftController" instance=ExtResource( 11 )]

[node name="OQ_RightController" parent="OQ_ARVROrigin" instance=ExtResource( 4 )]

[node name="Feature_StaticGrab" parent="OQ_ARVROrigin/OQ_RightController" instance=ExtResource( 11 )]

[node name="Locomotion_Stick" parent="OQ_ARVROrigin" instance=ExtResource( 7 )]

[node name="Feature_Falling" parent="OQ_ARVROrigin" instance=ExtResource( 8 )]

[node name="Feature_Climbing" parent="OQ_ARVROrigin" instance=ExtResource( 9 )]

[node name="Feature_PlayerCollision" parent="OQ_ARVROrigin" instance=ExtResource( 10 )]

[node name="OQ_UI2DLogWindow" parent="." instance=ExtResource( 6 )]
transform = Transform( 3.87174, -0.00561995, 0.00165856, 0.00629038, 4.79575, 1.56582, -0.00417081, -1.50921, 4.62239, -0.0600173, 0.348572, -5.26567 )

[node name="SpawnPath" type="StaticBody" parent="."]
transform = Transform( 1.64833, 0, 0, 0, 1, 0, 0, 0, 1, 0, -1.10109, 0 )

[node name="CollisionShape" type="CollisionShape" parent="SpawnPath"]
transform = Transform( 1.00284, 0, 0, 0, 1.00284, 0, 0, 0, 1.00284, -0.0139775, 0.0039196, 0.0100319 )
shape = SubResource( 9 )

[node name="MeshInstance" type="MeshInstance" parent="SpawnPath"]
transform = Transform( 2.97088, 0, 0, 0, 0.098614, 0, 0, 0, 11.0894, 0, 0, 1.56004 )
mesh = SubResource( 6 )
material/0 = SubResource( 7 )

[node name="Baseplate" type="StaticBody" parent="."]
transform = Transform( 88.8915, 0, 0, 0, 1.0042, 0, 0, 0, 93.2026, 0, -32.199, 0 )

[node name="CollisionShape" type="CollisionShape" parent="Baseplate"]
transform = Transform( 1.00284, 0, 0, 0, 1.00284, 0, 0, 0, 1.00284, 0, 0, 0 )
shape = SubResource( 5 )

[node name="MeshInstance" type="MeshInstance" parent="Baseplate"]
transform = Transform( 8.34373, 0, 0, 0, -0.000624537, 0, 0, 0, 8.11494, 0, -0.246713, 0 )
mesh = SubResource( 6 )
material/0 = SubResource( 8 )

[node name="Rocks" type="Node" parent="."]

[node name="StaticBody" type="StaticBody" parent="Rocks"]
transform = Transform( 1, 0, 0, 0, 1, 0, 0, 0, 1, 0.0292063, 32.3127, 0.0245972 )

[node name="MeshInstance" type="MeshInstance" parent="Rocks/StaticBody"]
transform = Transform( 0.824994, 0.545141, -0.149015, -0.508124, 0.600094, -0.617816, -0.247374, 0.585413, 0.772073, -3.65475, 0, -3.1665e-08 )
mesh = SubResource( 11 )
material/0 = null

[node name="CollisionShape" type="CollisionShape" parent="Rocks/StaticBody"]
transform = Transform( 0.824994, 0.545142, -0.149013, -0.508124, 0.600092, -0.617818, -0.247377, 0.585414, 0.772072, -3.64097, 0.0258865, -0.0139783 )
shape = SubResource( 12 )

[node name="StaticBody2" type="StaticBody" parent="Rocks"]
transform = Transform( 1, 0, 0, 0, 1, 0, 0, 0, 1, -0.272729, 32.3348, -2.80895 )

[node name="MeshInstance" type="MeshInstance" parent="Rocks/StaticBody2"]
transform = Transform( 0.539616, 0.660075, -0.522604, -0.0634667, 0.650862, 0.756538, 0.839515, -0.375073, 0.393109, -3.50818, -0.454784, 1.74126 )
mesh = SubResource( 11 )
material/0 = null

[node name="CollisionShape" type="CollisionShape" parent="Rocks/StaticBody2"]
transform = Transform( 0.539617, 0.660076, -0.522603, -0.0634705, 0.650863, 0.756538, 0.839515, -0.375071, 0.393112, -3.4824, -0.467033, 1.72575 )
shape = SubResource( 12 )

[node name="StaticBody3" type="StaticBody" parent="Rocks"]
transform = Transform( 1, 0, 0, 0, 1, 0, 0, 0, 1, -0.272729, 32.3348, -2.80895 )

[node name="MeshInstance" type="MeshInstance" parent="Rocks/StaticBody3"]
transform = Transform( 0.323585, -0.236067, -0.916278, 0.436471, 0.896433, -0.0768144, 0.839515, -0.375073, 0.393109, -3.64067, 0.00974655, 0.0681071 )
mesh = SubResource( 11 )
material/0 = null

[node name="CollisionShape" type="CollisionShape" parent="Rocks/StaticBody3"]
transform = Transform( 0.323588, -0.236067, -0.916277, 0.436469, 0.896434, -0.0768136, 0.839515, -0.375071, 0.393112, -3.61722, 0.0260086, 0.0526004 )
shape = SubResource( 12 )

[node name="StaticBody4" type="StaticBody" parent="Rocks"]
transform = Transform( 1, 0, 0, 0, 1, 0, 0, 0, 1, 0.0292063, 32.3127, -4.6242 )

[node name="MeshInstance" type="MeshInstance" parent="Rocks/StaticBody4"]
transform = Transform( -0.999439, 0.0306299, 0.0135704, 0.0332702, 0.859939, 0.509312, 0.00393051, 0.509477, -0.860475, -3.65475, 0, 0 )
mesh = SubResource( 11 )
material/0 = null

[node name="CollisionShape" type="CollisionShape" parent="Rocks/StaticBody4"]
transform = Transform( 0.824994, 0.545142, -0.149013, -0.508124, 0.600092, -0.617818, -0.247377, 0.585414, 0.772072, -3.64097, 0.0258865, -0.0139783 )
shape = SubResource( 12 )

[node name="StaticBody5" type="StaticBody" parent="Rocks"]
transform = Transform( 1, 0, 0, 0, 1, 0, 0, 0, 1, -0.272729, 32.3348, -7.45775 )

[node name="MeshInstance" type="MeshInstance" parent="Rocks/StaticBody5"]
transform = Transform( 0.539616, 0.660075, -0.522604, -0.0634667, 0.650862, 0.756538, 0.839515, -0.375073, 0.393109, -3.50818, -0.454784, 1.74126 )
mesh = SubResource( 11 )
material/0 = null

[node name="CollisionShape" type="CollisionShape" parent="Rocks/StaticBody5"]
transform = Transform( 0.539617, 0.660076, -0.522603, -0.0634705, 0.650863, 0.756538, 0.839515, -0.375071, 0.393112, -3.4824, -0.467033, 1.72575 )
shape = SubResource( 12 )

[node name="StaticBody6" type="StaticBody" parent="Rocks"]
transform = Transform( 1, 0, 0, 0, 1, 0, 0, 0, 1, -0.272729, 32.3348, -7.45775 )

[node name="MeshInstance" type="MeshInstance" parent="Rocks/StaticBody6"]
transform = Transform( 0.323585, -0.236067, -0.916278, 0.436471, 0.896433, -0.0768144, 0.839515, -0.375073, 0.393109, -3.64067, 0.00974655, 0.0681071 )
mesh = SubResource( 11 )
material/0 = null

[node name="CollisionShape" type="CollisionShape" parent="Rocks/StaticBody6"]
transform = Transform( 0.323588, -0.236067, -0.916277, 0.436469, 0.896434, -0.0768136, 0.839515, -0.375071, 0.393112, -3.61722, 0.0260086, 0.0526004 )
shape = SubResource( 12 )

[node name="StaticBody7" type="StaticBody" parent="Rocks"]
transform = Transform( 1, 0, 0, 0, -0.999935, -0.0114316, 0, 0.0114316, -0.999935, -1.01972, 33.5383, -7.21819 )

[node name="MeshInstance" type="MeshInstance" parent="Rocks/StaticBody7"]
transform = Transform( 0.824994, 0.545141, -0.149015, -0.508124, 0.600094, -0.617816, -0.247374, 0.585413, 0.772073, -3.65475, 0, -3.1665e-08 )
mesh = SubResource( 11 )
material/0 = null

[node name="CollisionShape" type="CollisionShape" parent="Rocks/StaticBody7"]
transform = Transform( 0.824994, 0.545142, -0.149013, -0.508124, 0.600092, -0.617818, -0.247377, 0.585414, 0.772072, -3.64097, 0.0258865, -0.0139783 )
shape = SubResource( 12 )

[node name="StaticBody8" type="StaticBody" parent="Rocks"]
transform = Transform( 1, 0, 0, 0, -0.999935, -0.0114316, 0, 0.0114316, -0.999935, -1.32166, 33.5487, -4.38458 )

[node name="MeshInstance" type="MeshInstance" parent="Rocks/StaticBody8"]
transform = Transform( 0.539616, 0.660075, -0.522604, -0.0634667, 0.650862, 0.756538, 0.839515, -0.375073, 0.393109, -3.50818, -0.454784, 1.74126 )
mesh = SubResource( 11 )
material/0 = null

[node name="CollisionShape" type="CollisionShape" parent="Rocks/StaticBody8"]
transform = Transform( 0.539617, 0.660076, -0.522603, -0.0634705, 0.650863, 0.756538, 0.839515, -0.375071, 0.393112, -3.4824, -0.467033, 1.72575 )
shape = SubResource( 12 )

[node name="StaticBody9" type="StaticBody" parent="Rocks"]
transform = Transform( 1, 0, 0, 0, -0.999935, -0.0114316, 0, 0.0114316, -0.999935, -1.32166, 33.5487, -4.38458 )

[node name="MeshInstance" type="MeshInstance" parent="Rocks/StaticBody9"]
transform = Transform( 0.323585, -0.236067, -0.916278, 0.436471, 0.896433, -0.0768144, 0.839515, -0.375073, 0.393109, -3.64067, 0.00974655, 0.0681071 )
mesh = SubResource( 11 )
material/0 = null

[node name="CollisionShape" type="CollisionShape" parent="Rocks/StaticBody9"]
transform = Transform( 0.323588, -0.236067, -0.916277, 0.436469, 0.896434, -0.0768136, 0.839515, -0.375071, 0.393112, -3.61722, 0.0260086, 0.0526004 )
shape = SubResource( 12 )

[node name="StaticBody10" type="StaticBody" parent="Rocks"]
transform = Transform( 1, 0, 0, 0, -0.999935, -0.0114316, 0, 0.0114316, -0.999935, -1.01972, 33.5383, -7.21819 )

[node name="MeshInstance" type="MeshInstance" parent="Rocks/StaticBody10"]
transform = Transform( 0.824994, 0.545141, -0.149015, -0.508124, 0.600094, -0.617816, -0.247374, 0.585413, 0.772073, -3.65475, 0, -3.1665e-08 )
mesh = SubResource( 11 )
material/0 = null

[node name="CollisionShape" type="CollisionShape" parent="Rocks/StaticBody10"]
transform = Transform( 0.824994, 0.545142, -0.149013, -0.508124, 0.600092, -0.617818, -0.247377, 0.585414, 0.772072, -3.64097, 0.0258865, -0.0139783 )
shape = SubResource( 12 )

[node name="StaticBody11" type="StaticBody" parent="Rocks"]
transform = Transform( 1, 0, 0, 0, -0.999935, -0.0114316, 0, 0.0114316, -0.999935, -1.32166, 33.5487, -4.38458 )

[node name="MeshInstance" type="MeshInstance" parent="Rocks/StaticBody11"]
transform = Transform( 0.539616, 0.660075, -0.522604, -0.0634667, 0.650862, 0.756538, 0.839515, -0.375073, 0.393109, -3.50818, -0.454784, 1.74126 )
mesh = SubResource( 11 )
material/0 = null

[node name="CollisionShape" type="CollisionShape" parent="Rocks/StaticBody11"]
transform = Transform( 0.539617, 0.660076, -0.522603, -0.0634705, 0.650863, 0.756538, 0.839515, -0.375071, 0.393112, -3.4824, -0.467033, 1.72575 )
shape = SubResource( 12 )

[node name="StaticBody12" type="StaticBody" parent="Rocks"]
transform = Transform( 1, 0, 0, 0, -0.999935, -0.0114316, 0, 0.0114316, -0.999935, -1.32166, 33.5487, -4.38458 )

[node name="MeshInstance" type="MeshInstance" parent="Rocks/StaticBody12"]
transform = Transform( 0.323585, -0.236067, -0.916278, 0.436471, 0.896433, -0.0768144, 0.839515, -0.375073, 0.393109, -3.64067, 0.00974655, 0.0681071 )
mesh = SubResource( 11 )
material/0 = null

[node name="CollisionShape" type="CollisionShape" parent="Rocks/StaticBody12"]
transform = Transform( 0.323588, -0.236067, -0.916277, 0.436469, 0.896434, -0.0768136, 0.839515, -0.375071, 0.393112, -3.61722, 0.0260086, 0.0526004 )
shape = SubResource( 12 )

[node name="StaticBody13" type="StaticBody" parent="Rocks"]
transform = Transform( 1, 0, 0, 0, -0.999935, -0.0114316, 0, 0.0114316, -0.999935, -1.01972, 33.6303, -2.47593 )

[node name="MeshInstance" type="MeshInstance" parent="Rocks/StaticBody13"]
transform = Transform( 0.824994, 0.545141, -0.149015, -0.508124, 0.600094, -0.617816, -0.247374, 0.585413, 0.772073, -3.65475, 0, -3.1665e-08 )
mesh = SubResource( 11 )
material/0 = null

[node name="CollisionShape" type="CollisionShape" parent="Rocks/StaticBody13"]
transform = Transform( 0.824994, 0.545142, -0.149013, -0.508124, 0.600092, -0.617818, -0.247377, 0.585414, 0.772072, -3.64097, 0.0258865, -0.0139783 )
shape = SubResource( 12 )

[node name="StaticBody14" type="StaticBody" parent="Rocks"]
transform = Transform( 1, 0, 0, 0, -0.999935, -0.0114316, 0, 0.0114316, -0.999935, -1.32166, 33.6407, 0.357682 )

[node name="MeshInstance" type="MeshInstance" parent="Rocks/StaticBody14"]
transform = Transform( 0.539616, 0.660075, -0.522604, -0.0634667, 0.650862, 0.756538, 0.839515, -0.375073, 0.393109, -3.50818, -0.454784, 1.74126 )
mesh = SubResource( 11 )
material/0 = null

[node name="CollisionShape" type="CollisionShape" parent="Rocks/StaticBody14"]
transform = Transform( 0.539617, 0.660076, -0.522603, -0.0634705, 0.650863, 0.756538, 0.839515, -0.375071, 0.393112, -3.4824, -0.467033, 1.72575 )
shape = SubResource( 12 )

[node name="StaticBody15" type="StaticBody" parent="Rocks"]
transform = Transform( 1, 0, 0, 0, -0.999935, -0.0114316, 0, 0.0114316, -0.999935, -1.32166, 33.6407, 0.357682 )

[node name="MeshInstance" type="MeshInstance" parent="Rocks/StaticBody15"]
transform = Transform( 0.323585, -0.236067, -0.916278, 0.436471, 0.896433, -0.0768144, 0.839515, -0.375073, 0.393109, -3.64067, 0.00974655, 0.0681071 )
mesh = SubResource( 11 )
material/0 = null

[node name="CollisionShape" type="CollisionShape" parent="Rocks/StaticBody15"]
transform = Transform( 0.323588, -0.236067, -0.916277, 0.436469, 0.896434, -0.0768136, 0.839515, -0.375071, 0.393112, -3.61722, 0.0260086, 0.0526004 )
shape = SubResource( 12 )

[node name="StaticBody16" type="StaticBody" parent="Rocks"]
transform = Transform( 0.0654554, 0, -0.997855, 0, 1, 0, 0.997855, 0, 0.0654554, -4.16898, 32.3127, -3.94066 )

[node name="MeshInstance" type="MeshInstance" parent="Rocks/StaticBody16"]
transform = Transform( 0.824994, 0.545141, -0.149015, -0.508124, 0.600094, -0.617816, -0.247374, 0.585413, 0.772073, -3.65475, 0, -3.1665e-08 )
mesh = SubResource( 11 )
material/0 = null

[node name="CollisionShape" type="CollisionShape" parent="Rocks/StaticBody16"]
transform = Transform( 0.824994, 0.545142, -0.149013, -0.508124, 0.600092, -0.617818, -0.247377, 0.585414, 0.772072, -3.64097, 0.0258865, -0.0139783 )
shape = SubResource( 12 )

[node name="StaticBody76" type="StaticBody" parent="Rocks"]
transform = Transform( 0.0318817, 0, -0.999492, 0, 1, 0, 0.999492, 0, 0.0318817, -11.8356, 32.3127, 15.5113 )

[node name="MeshInstance" type="MeshInstance" parent="Rocks/StaticBody76"]
transform = Transform( 0.824994, 0.545141, -0.149015, -0.508124, 0.600094, -0.617816, -0.247374, 0.585413, 0.772073, -3.65475, 0, -3.1665e-08 )
mesh = SubResource( 11 )
material/0 = null

[node name="CollisionShape" type="CollisionShape" parent="Rocks/StaticBody76"]
transform = Transform( 0.824994, 0.545142, -0.149013, -0.508124, 0.600092, -0.617818, -0.247377, 0.585414, 0.772072, -3.64097, 0.0258865, -0.0139783 )
shape = SubResource( 12 )

[node name="StaticBody77" type="StaticBody" parent="Rocks"]
transform = Transform( 0.0318817, 0, -0.999492, 0, 1, 0, 0.999492, 0, 0.0318817, -9.01313, 32.3348, 15.1192 )

[node name="MeshInstance" type="MeshInstance" parent="Rocks/StaticBody77"]
transform = Transform( 0.539616, 0.660075, -0.522604, -0.0634667, 0.650862, 0.756538, 0.839515, -0.375073, 0.393109, -3.50818, -0.454784, 1.74126 )
mesh = SubResource( 11 )
material/0 = null

[node name="CollisionShape" type="CollisionShape" parent="Rocks/StaticBody77"]
transform = Transform( 0.539617, 0.660076, -0.522603, -0.0634705, 0.650863, 0.756538, 0.839515, -0.375071, 0.393112, -3.4824, -0.467033, 1.72575 )
shape = SubResource( 12 )

[node name="StaticBody78" type="StaticBody" parent="Rocks"]
transform = Transform( 0.0318817, 0, -0.999492, 0, 1, 0, 0.999492, 0, 0.0318817, -9.01313, 32.3348, 15.1192 )

[node name="MeshInstance" type="MeshInstance" parent="Rocks/StaticBody78"]
transform = Transform( 0.323585, -0.236067, -0.916278, 0.436471, 0.896433, -0.0768144, 0.839515, -0.375073, 0.393109, -3.64067, 0.00974655, 0.0681071 )
mesh = SubResource( 11 )
material/0 = null

[node name="CollisionShape" type="CollisionShape" parent="Rocks/StaticBody78"]
transform = Transform( 0.323588, -0.236067, -0.916277, 0.436469, 0.896434, -0.0768136, 0.839515, -0.375071, 0.393112, -3.61722, 0.0260086, 0.0526004 )
shape = SubResource( 12 )

[node name="StaticBody79" type="StaticBody" parent="Rocks"]
transform = Transform( 0.0318817, 0, -0.999492, 0, 1, 0, 0.999492, 0, 0.0318817, -7.18918, 32.3127, 15.3631 )

[node name="MeshInstance" type="MeshInstance" parent="Rocks/StaticBody79"]
transform = Transform( -0.999439, 0.0306299, 0.0135704, 0.0332702, 0.859939, 0.509312, 0.00393051, 0.509477, -0.860475, -3.65475, 0, 0 )
mesh = SubResource( 11 )
material/0 = null

[node name="CollisionShape" type="CollisionShape" parent="Rocks/StaticBody79"]
transform = Transform( 0.824994, 0.545142, -0.149013, -0.508124, 0.600092, -0.617818, -0.247377, 0.585414, 0.772072, -3.64097, 0.0258865, -0.0139783 )
shape = SubResource( 12 )

[node name="StaticBody80" type="StaticBody" parent="Rocks"]
transform = Transform( 0.0318817, 0, -0.999492, 0, 1, 0, 0.999492, 0, 0.0318817, -4.36669, 32.3348, 14.971 )

[node name="MeshInstance" type="MeshInstance" parent="Rocks/StaticBody80"]
transform = Transform( 0.539616, 0.660075, -0.522604, -0.0634667, 0.650862, 0.756538, 0.839515, -0.375073, 0.393109, -3.50818, -0.454784, 1.74126 )
mesh = SubResource( 11 )
material/0 = null

[node name="CollisionShape" type="CollisionShape" parent="Rocks/StaticBody80"]
transform = Transform( 0.539617, 0.660076, -0.522603, -0.0634705, 0.650863, 0.756538, 0.839515, -0.375071, 0.393112, -3.4824, -0.467033, 1.72575 )
shape = SubResource( 12 )

[node name="StaticBody81" type="StaticBody" parent="Rocks"]
transform = Transform( 0.0318817, 0, -0.999492, 0, 1, 0, 0.999492, 0, 0.0318817, -4.36669, 32.3348, 14.971 )

[node name="MeshInstance" type="MeshInstance" parent="Rocks/StaticBody81"]
transform = Transform( 0.323585, -0.236067, -0.916278, 0.436471, 0.896433, -0.0768144, 0.839515, -0.375073, 0.393109, -3.64067, 0.00974655, 0.0681071 )
mesh = SubResource( 11 )
material/0 = null

[node name="CollisionShape" type="CollisionShape" parent="Rocks/StaticBody81"]
transform = Transform( 0.323588, -0.236067, -0.916277, 0.436469, 0.896434, -0.0768136, 0.839515, -0.375071, 0.393112, -3.61722, 0.0260086, 0.0526004 )
shape = SubResource( 12 )

[node name="StaticBody82" type="StaticBody" parent="Rocks"]
transform = Transform( 0.0318817, -0.0114258, 0.999427, 0, -0.999935, -0.0114316, 0.999492, 0.000364459, -0.0318797, -4.62995, 33.5383, 14.232 )

[node name="MeshInstance" type="MeshInstance" parent="Rocks/StaticBody82"]
transform = Transform( 0.824994, 0.545141, -0.149015, -0.508124, 0.600094, -0.617816, -0.247374, 0.585413, 0.772073, -3.65475, 0, -3.1665e-08 )
mesh = SubResource( 11 )
material/0 = null

[node name="CollisionShape" type="CollisionShape" parent="Rocks/StaticBody82"]
transform = Transform( 0.824994, 0.545142, -0.149013, -0.508124, 0.600092, -0.617818, -0.247377, 0.585414, 0.772072, -3.64097, 0.0258865, -0.0139783 )
shape = SubResource( 12 )

[node name="StaticBody83" type="StaticBody" parent="Rocks"]
transform = Transform( 0.0318817, -0.0114258, 0.999427, 0, -0.999935, -0.0114316, 0.999492, 0.000364459, -0.0318797, -7.47174, 33.5487, 14.0205 )

[node name="MeshInstance" type="MeshInstance" parent="Rocks/StaticBody83"]
transform = Transform( 0.539616, 0.660075, -0.522604, -0.0634667, 0.650862, 0.756538, 0.839515, -0.375073, 0.393109, -3.50818, -0.454784, 1.74126 )
mesh = SubResource( 11 )
material/0 = null

[node name="CollisionShape" type="CollisionShape" parent="Rocks/StaticBody83"]
transform = Transform( 0.539617, 0.660076, -0.522603, -0.0634705, 0.650863, 0.756538, 0.839515, -0.375071, 0.393112, -3.4824, -0.467033, 1.72575 )
shape = SubResource( 12 )

[node name="StaticBody84" type="StaticBody" parent="Rocks"]
transform = Transform( 0.0318817, -0.0114258, 0.999427, 0, -0.999935, -0.0114316, 0.999492, 0.000364459, -0.0318797, -7.47174, 33.5487, 14.0205 )

[node name="MeshInstance" type="MeshInstance" parent="Rocks/StaticBody84"]
transform = Transform( 0.323585, -0.236067, -0.916278, 0.436471, 0.896433, -0.0768144, 0.839515, -0.375073, 0.393109, -3.64067, 0.00974655, 0.0681071 )
mesh = SubResource( 11 )
material/0 = null

[node name="CollisionShape" type="CollisionShape" parent="Rocks/StaticBody84"]
transform = Transform( 0.323588, -0.236067, -0.916277, 0.436469, 0.896434, -0.0768136, 0.839515, -0.375071, 0.393112, -3.61722, 0.0260086, 0.0526004 )
shape = SubResource( 12 )

[node name="StaticBody85" type="StaticBody" parent="Rocks"]
transform = Transform( 0.0318817, -0.0114258, 0.999427, 0, -0.999935, -0.0114316, 0.999492, 0.000364459, -0.0318797, -4.62995, 33.5383, 14.232 )

[node name="MeshInstance" type="MeshInstance" parent="Rocks/StaticBody85"]
transform = Transform( 0.824994, 0.545141, -0.149015, -0.508124, 0.600094, -0.617816, -0.247374, 0.585413, 0.772073, -3.65475, 0, -3.1665e-08 )
mesh = SubResource( 11 )
material/0 = null

[node name="CollisionShape" type="CollisionShape" parent="Rocks/StaticBody85"]
transform = Transform( 0.824994, 0.545142, -0.149013, -0.508124, 0.600092, -0.617818, -0.247377, 0.585414, 0.772072, -3.64097, 0.0258865, -0.0139783 )
shape = SubResource( 12 )

[node name="StaticBody86" type="StaticBody" parent="Rocks"]
transform = Transform( 0.0318817, -0.0114258, 0.999427, 0, -0.999935, -0.0114316, 0.999492, 0.000364459, -0.0318797, -7.47174, 33.5487, 14.0205 )

[node name="MeshInstance" type="MeshInstance" parent="Rocks/StaticBody86"]
transform = Transform( 0.539616, 0.660075, -0.522604, -0.0634667, 0.650862, 0.756538, 0.839515, -0.375073, 0.393109, -3.50818, -0.454784, 1.74126 )
mesh = SubResource( 11 )
material/0 = null

[node name="CollisionShape" type="CollisionShape" parent="Rocks/StaticBody86"]
transform = Transform( 0.539617, 0.660076, -0.522603, -0.0634705, 0.650863, 0.756538, 0.839515, -0.375071, 0.393112, -3.4824, -0.467033, 1.72575 )
shape = SubResource( 12 )

[node name="StaticBody87" type="StaticBody" parent="Rocks"]
transform = Transform( 0.0318817, -0.0114258, 0.999427, 0, -0.999935, -0.0114316, 0.999492, 0.000364459, -0.0318797, -7.47174, 33.5487, 14.0205 )

[node name="MeshInstance" type="MeshInstance" parent="Rocks/StaticBody87"]
transform = Transform( 0.323585, -0.236067, -0.916278, 0.436471, 0.896433, -0.0768144, 0.839515, -0.375073, 0.393109, -3.64067, 0.00974655, 0.0681071 )
mesh = SubResource( 11 )
material/0 = null

[node name="CollisionShape" type="CollisionShape" parent="Rocks/StaticBody87"]
transform = Transform( 0.323588, -0.236067, -0.916277, 0.436469, 0.896434, -0.0768136, 0.839515, -0.375071, 0.393112, -3.61722, 0.0260086, 0.0526004 )
shape = SubResource( 12 )

[node name="StaticBody88" type="StaticBody" parent="Rocks"]
transform = Transform( 0.0318817, -0.0114258, 0.999427, 0, -0.999935, -0.0114316, 0.999492, 0.000364459, -0.0318797, -9.3698, 33.6303, 14.3832 )

[node name="MeshInstance" type="MeshInstance" parent="Rocks/StaticBody88"]
transform = Transform( 0.824994, 0.545141, -0.149015, -0.508124, 0.600094, -0.617816, -0.247374, 0.585413, 0.772073, -3.65475, 0, -3.1665e-08 )
mesh = SubResource( 11 )
material/0 = null

[node name="CollisionShape" type="CollisionShape" parent="Rocks/StaticBody88"]
transform = Transform( 0.824994, 0.545142, -0.149013, -0.508124, 0.600092, -0.617818, -0.247377, 0.585414, 0.772072, -3.64097, 0.0258865, -0.0139783 )
shape = SubResource( 12 )

[node name="StaticBody89" type="StaticBody" parent="Rocks"]
transform = Transform( 0.0318817, -0.0114258, 0.999427, 0, -0.999935, -0.0114316, 0.999492, 0.000364459, -0.0318797, -12.2116, 33.6407, 14.1717 )

[node name="MeshInstance" type="MeshInstance" parent="Rocks/StaticBody89"]
transform = Transform( 0.539616, 0.660075, -0.522604, -0.0634667, 0.650862, 0.756538, 0.839515, -0.375073, 0.393109, -3.50818, -0.454784, 1.74126 )
mesh = SubResource( 11 )
material/0 = null

[node name="CollisionShape" type="CollisionShape" parent="Rocks/StaticBody89"]
transform = Transform( 0.539617, 0.660076, -0.522603, -0.0634705, 0.650863, 0.756538, 0.839515, -0.375071, 0.393112, -3.4824, -0.467033, 1.72575 )
shape = SubResource( 12 )

[node name="StaticBody90" type="StaticBody" parent="Rocks"]
transform = Transform( 0.0318817, -0.0114258, 0.999427, 0, -0.999935, -0.0114316, 0.999492, 0.000364459, -0.0318797, -12.2116, 33.6407, 14.1717 )

[node name="MeshInstance" type="MeshInstance" parent="Rocks/StaticBody90"]
transform = Transform( 0.323585, -0.236067, -0.916278, 0.436471, 0.896433, -0.0768144, 0.839515, -0.375073, 0.393109, -3.64067, 0.00974655, 0.0681071 )
mesh = SubResource( 11 )
material/0 = null

[node name="CollisionShape" type="CollisionShape" parent="Rocks/StaticBody90"]
transform = Transform( 0.323588, -0.236067, -0.916277, 0.436469, 0.896434, -0.0768136, 0.839515, -0.375071, 0.393112, -3.61722, 0.0260086, 0.0526004 )
shape = SubResource( 12 )

[node name="StaticBody91" type="StaticBody" parent="Rocks"]
transform = Transform( -0.995261, 0, -0.0972355, 0, 1, 0, 0.0972355, 0, -0.995261, -8.00622, 32.3127, 11.1888 )

[node name="MeshInstance" type="MeshInstance" parent="Rocks/StaticBody91"]
transform = Transform( 0.824994, 0.545141, -0.149015, -0.508124, 0.600094, -0.617816, -0.247374, 0.585413, 0.772073, -3.65475, 0, -3.1665e-08 )
mesh = SubResource( 11 )
material/0 = null

[node name="CollisionShape" type="CollisionShape" parent="Rocks/StaticBody91"]
transform = Transform( 0.824994, 0.545142, -0.149013, -0.508124, 0.600092, -0.617818, -0.247377, 0.585414, 0.772072, -3.64097, 0.0258865, -0.0139783 )
shape = SubResource( 12 )

[node name="StaticBody92" type="StaticBody" parent="Rocks"]
transform = Transform( 0.999894, 0, -0.0145556, 0, 1, 0, 0.0145556, 0, 0.999894, -9.67446, 32.3127, 18.9722 )

[node name="MeshInstance" type="MeshInstance" parent="Rocks/StaticBody92"]
transform = Transform( 0.824994, 0.545141, -0.149015, -0.508124, 0.600094, -0.617816, -0.247374, 0.585413, 0.772073, -3.65475, 0, -3.1665e-08 )
mesh = SubResource( 11 )
material/0 = null

[node name="CollisionShape" type="CollisionShape" parent="Rocks/StaticBody92"]
transform = Transform( 0.824994, 0.545142, -0.149013, -0.508124, 0.600092, -0.617818, -0.247377, 0.585414, 0.772072, -3.64097, 0.0258865, -0.0139783 )
shape = SubResource( 12 )

[node name="StaticBody93" type="StaticBody" parent="Rocks"]
transform = Transform( 0.999894, 0, -0.0145556, 0, 1, 0, 0.0145556, 0, 0.999894, -9.93512, 32.3348, 16.1346 )

[node name="MeshInstance" type="MeshInstance" parent="Rocks/StaticBody93"]
transform = Transform( 0.539616, 0.660075, -0.522604, -0.0634667, 0.650862, 0.756538, 0.839515, -0.375073, 0.393109, -3.50818, -0.454784, 1.74126 )
mesh = SubResource( 11 )
material/0 = null

[node name="CollisionShape" type="CollisionShape" parent="Rocks/StaticBody93"]
transform = Transform( 0.539617, 0.660076, -0.522603, -0.0634705, 0.650863, 0.756538, 0.839515, -0.375071, 0.393112, -3.4824, -0.467033, 1.72575 )
shape = SubResource( 12 )

[node name="StaticBody94" type="StaticBody" parent="Rocks"]
transform = Transform( 0.999894, 0, -0.0145556, 0, 1, 0, 0.0145556, 0, 0.999894, -9.93512, 32.3348, 16.1346 )

[node name="MeshInstance" type="MeshInstance" parent="Rocks/StaticBody94"]
transform = Transform( 0.323585, -0.236067, -0.916278, 0.436471, 0.896433, -0.0768144, 0.839515, -0.375073, 0.393109, -3.64067, 0.00974655, 0.0681071 )
mesh = SubResource( 11 )
material/0 = null

[node name="CollisionShape" type="CollisionShape" parent="Rocks/StaticBody94"]
transform = Transform( 0.323588, -0.236067, -0.916277, 0.436469, 0.896434, -0.0768136, 0.839515, -0.375071, 0.393112, -3.61722, 0.0260086, 0.0526004 )
shape = SubResource( 12 )

[node name="StaticBody95" type="StaticBody" parent="Rocks"]
transform = Transform( 0.999894, 0, -0.0145556, 0, 1, 0, 0.0145556, 0, 0.999894, -9.60679, 32.3127, 14.3239 )

[node name="MeshInstance" type="MeshInstance" parent="Rocks/StaticBody95"]
transform = Transform( -0.999439, 0.0306299, 0.0135704, 0.0332702, 0.859939, 0.509312, 0.00393051, 0.509477, -0.860475, -3.65475, 0, 0 )
mesh = SubResource( 11 )
material/0 = null

[node name="CollisionShape" type="CollisionShape" parent="Rocks/StaticBody95"]
transform = Transform( 0.824994, 0.545142, -0.149013, -0.508124, 0.600092, -0.617818, -0.247377, 0.585414, 0.772072, -3.64097, 0.0258865, -0.0139783 )
shape = SubResource( 12 )

[node name="StaticBody96" type="StaticBody" parent="Rocks"]
transform = Transform( 0.999894, 0, -0.0145556, 0, 1, 0, 0.0145556, 0, 0.999894, -9.86745, 32.3348, 11.4862 )

[node name="MeshInstance" type="MeshInstance" parent="Rocks/StaticBody96"]
transform = Transform( 0.539616, 0.660075, -0.522604, -0.0634667, 0.650862, 0.756538, 0.839515, -0.375073, 0.393109, -3.50818, -0.454784, 1.74126 )
mesh = SubResource( 11 )
material/0 = null

[node name="CollisionShape" type="CollisionShape" parent="Rocks/StaticBody96"]
transform = Transform( 0.539617, 0.660076, -0.522603, -0.0634705, 0.650863, 0.756538, 0.839515, -0.375071, 0.393112, -3.4824, -0.467033, 1.72575 )
shape = SubResource( 12 )

[node name="StaticBody97" type="StaticBody" parent="Rocks"]
transform = Transform( 0.999894, 0, -0.0145556, 0, 1, 0, 0.0145556, 0, 0.999894, -9.86745, 32.3348, 11.4862 )

[node name="MeshInstance" type="MeshInstance" parent="Rocks/StaticBody97"]
transform = Transform( 0.323585, -0.236067, -0.916278, 0.436471, 0.896433, -0.0768144, 0.839515, -0.375073, 0.393109, -3.64067, 0.00974655, 0.0681071 )
mesh = SubResource( 11 )
material/0 = null

[node name="CollisionShape" type="CollisionShape" parent="Rocks/StaticBody97"]
transform = Transform( 0.323588, -0.236067, -0.916277, 0.436469, 0.896434, -0.0768136, 0.839515, -0.375071, 0.393112, -3.61722, 0.0260086, 0.0526004 )
shape = SubResource( 12 )

[node name="StaticBody98" type="StaticBody" parent="Rocks"]
transform = Transform( 0.999894, -0.000166394, 0.0145546, 0, -0.999935, -0.0114316, 0.0145556, 0.0114304, -0.999829, -10.6178, 33.5383, 11.7149 )

[node name="MeshInstance" type="MeshInstance" parent="Rocks/StaticBody98"]
transform = Transform( 0.824994, 0.545141, -0.149015, -0.508124, 0.600094, -0.617816, -0.247374, 0.585413, 0.772073, -3.65475, 0, -3.1665e-08 )
mesh = SubResource( 11 )
material/0 = null

[node name="CollisionShape" type="CollisionShape" parent="Rocks/StaticBody98"]
transform = Transform( 0.824994, 0.545142, -0.149013, -0.508124, 0.600092, -0.617818, -0.247377, 0.585414, 0.772072, -3.64097, 0.0258865, -0.0139783 )
shape = SubResource( 12 )

[node name="StaticBody99" type="StaticBody" parent="Rocks"]
transform = Transform( 0.999894, -0.000166394, 0.0145546, 0, -0.999935, -0.0114316, 0.0145556, 0.0114304, -0.999829, -10.961, 33.5487, 14.5438 )

[node name="MeshInstance" type="MeshInstance" parent="Rocks/StaticBody99"]
transform = Transform( 0.539616, 0.660075, -0.522604, -0.0634667, 0.650862, 0.756538, 0.839515, -0.375073, 0.393109, -3.50818, -0.454784, 1.74126 )
mesh = SubResource( 11 )
material/0 = null

[node name="CollisionShape" type="CollisionShape" parent="Rocks/StaticBody99"]
transform = Transform( 0.539617, 0.660076, -0.522603, -0.0634705, 0.650863, 0.756538, 0.839515, -0.375071, 0.393112, -3.4824, -0.467033, 1.72575 )
shape = SubResource( 12 )

[node name="StaticBody100" type="StaticBody" parent="Rocks"]
transform = Transform( 0.999894, -0.000166394, 0.0145546, 0, -0.999935, -0.0114316, 0.0145556, 0.0114304, -0.999829, -10.961, 33.5487, 14.5438 )

[node name="MeshInstance" type="MeshInstance" parent="Rocks/StaticBody100"]
transform = Transform( 0.323585, -0.236067, -0.916278, 0.436471, 0.896433, -0.0768144, 0.839515, -0.375073, 0.393109, -3.64067, 0.00974655, 0.0681071 )
mesh = SubResource( 11 )
material/0 = null

[node name="CollisionShape" type="CollisionShape" parent="Rocks/StaticBody100"]
transform = Transform( 0.323588, -0.236067, -0.916277, 0.436469, 0.896434, -0.0768136, 0.839515, -0.375071, 0.393112, -3.61722, 0.0260086, 0.0526004 )
shape = SubResource( 12 )

[node name="StaticBody101" type="StaticBody" parent="Rocks"]
transform = Transform( 0.999894, -0.000166394, 0.0145546, 0, -0.999935, -0.0114316, 0.0145556, 0.0114304, -0.999829, -10.6178, 33.5383, 11.7149 )

[node name="MeshInstance" type="MeshInstance" parent="Rocks/StaticBody101"]
transform = Transform( 0.824994, 0.545141, -0.149015, -0.508124, 0.600094, -0.617816, -0.247374, 0.585413, 0.772073, -3.65475, 0, -3.1665e-08 )
mesh = SubResource( 11 )
material/0 = null

[node name="CollisionShape" type="CollisionShape" parent="Rocks/StaticBody101"]
transform = Transform( 0.824994, 0.545142, -0.149013, -0.508124, 0.600092, -0.617818, -0.247377, 0.585414, 0.772072, -3.64097, 0.0258865, -0.0139783 )
shape = SubResource( 12 )

[node name="StaticBody102" type="StaticBody" parent="Rocks"]
transform = Transform( 0.999894, -0.000166394, 0.0145546, 0, -0.999935, -0.0114316, 0.0145556, 0.0114304, -0.999829, -10.961, 33.5487, 14.5438 )

[node name="MeshInstance" type="MeshInstance" parent="Rocks/StaticBody102"]
transform = Transform( 0.539616, 0.660075, -0.522604, -0.0634667, 0.650862, 0.756538, 0.839515, -0.375073, 0.393109, -3.50818, -0.454784, 1.74126 )
mesh = SubResource( 11 )
material/0 = null

[node name="CollisionShape" type="CollisionShape" parent="Rocks/StaticBody102"]
transform = Transform( 0.539617, 0.660076, -0.522603, -0.0634705, 0.650863, 0.756538, 0.839515, -0.375071, 0.393112, -3.4824, -0.467033, 1.72575 )
shape = SubResource( 12 )

[node name="StaticBody103" type="StaticBody" parent="Rocks"]
transform = Transform( 0.999894, -0.000166394, 0.0145546, 0, -0.999935, -0.0114316, 0.0145556, 0.0114304, -0.999829, -10.961, 33.5487, 14.5438 )

[node name="MeshInstance" type="MeshInstance" parent="Rocks/StaticBody103"]
transform = Transform( 0.323585, -0.236067, -0.916278, 0.436471, 0.896433, -0.0768144, 0.839515, -0.375073, 0.393109, -3.64067, 0.00974655, 0.0681071 )
mesh = SubResource( 11 )
material/0 = null

[node name="CollisionShape" type="CollisionShape" parent="Rocks/StaticBody103"]
transform = Transform( 0.323588, -0.236067, -0.916277, 0.436469, 0.896434, -0.0768136, 0.839515, -0.375071, 0.393112, -3.61722, 0.0260086, 0.0526004 )
shape = SubResource( 12 )

[node name="StaticBody104" type="StaticBody" parent="Rocks"]
transform = Transform( 0.999894, -0.000166394, 0.0145546, 0, -0.999935, -0.0114316, 0.0145556, 0.0114304, -0.999829, -10.6869, 33.6303, 16.4567 )

[node name="MeshInstance" type="MeshInstance" parent="Rocks/StaticBody104"]
transform = Transform( 0.824994, 0.545141, -0.149015, -0.508124, 0.600094, -0.617816, -0.247374, 0.585413, 0.772073, -3.65475, 0, -3.1665e-08 )
mesh = SubResource( 11 )
material/0 = null

[node name="CollisionShape" type="CollisionShape" parent="Rocks/StaticBody104"]
transform = Transform( 0.824994, 0.545142, -0.149013, -0.508124, 0.600092, -0.617818, -0.247377, 0.585414, 0.772072, -3.64097, 0.0258865, -0.0139783 )
shape = SubResource( 12 )

[node name="StaticBody105" type="StaticBody" parent="Rocks"]
transform = Transform( 0.999894, -0.000166394, 0.0145546, 0, -0.999935, -0.0114316, 0.0145556, 0.0114304, -0.999829, -11.03, 33.6407, 19.2856 )

[node name="MeshInstance" type="MeshInstance" parent="Rocks/StaticBody105"]
transform = Transform( 0.539616, 0.660075, -0.522604, -0.0634667, 0.650862, 0.756538, 0.839515, -0.375073, 0.393109, -3.50818, -0.454784, 1.74126 )
mesh = SubResource( 11 )
material/0 = null

[node name="CollisionShape" type="CollisionShape" parent="Rocks/StaticBody105"]
transform = Transform( 0.539617, 0.660076, -0.522603, -0.0634705, 0.650863, 0.756538, 0.839515, -0.375071, 0.393112, -3.4824, -0.467033, 1.72575 )
shape = SubResource( 12 )

[node name="StaticBody106" type="StaticBody" parent="Rocks"]
transform = Transform( 0.999894, -0.000166394, 0.0145546, 0, -0.999935, -0.0114316, 0.0145556, 0.0114304, -0.999829, -11.03, 33.6407, 19.2856 )

[node name="MeshInstance" type="MeshInstance" parent="Rocks/StaticBody106"]
transform = Transform( 0.323585, -0.236067, -0.916278, 0.436471, 0.896433, -0.0768144, 0.839515, -0.375073, 0.393109, -3.64067, 0.00974655, 0.0681071 )
mesh = SubResource( 11 )
material/0 = null

[node name="CollisionShape" type="CollisionShape" parent="Rocks/StaticBody106"]
transform = Transform( 0.323588, -0.236067, -0.916277, 0.436469, 0.896434, -0.0768136, 0.839515, -0.375071, 0.393112, -3.61722, 0.0260086, 0.0526004 )
shape = SubResource( 12 )

[node name="StaticBody107" type="StaticBody" parent="Rocks"]
transform = Transform( 0.0509241, 0, -0.998702, 0, 1, 0, 0.998702, 0, 0.0509241, -13.8145, 32.3127, 14.9463 )

[node name="MeshInstance" type="MeshInstance" parent="Rocks/StaticBody107"]
transform = Transform( 0.824994, 0.545141, -0.149015, -0.508124, 0.600094, -0.617816, -0.247374, 0.585413, 0.772073, -3.65475, 0, -3.1665e-08 )
mesh = SubResource( 11 )
material/0 = null

[node name="CollisionShape" type="CollisionShape" parent="Rocks/StaticBody107"]
transform = Transform( 0.824994, 0.545142, -0.149013, -0.508124, 0.600092, -0.617818, -0.247377, 0.585414, 0.772072, -3.64097, 0.0258865, -0.0139783 )
shape = SubResource( 12 )

[node name="StaticBody108" type="StaticBody" parent="Rocks"]
transform = Transform( 0.999894, 0, -0.0145556, 0, 1, 0, 0.0145556, 0, 0.999894, -9.67446, 32.3127, 28.0599 )

[node name="MeshInstance" type="MeshInstance" parent="Rocks/StaticBody108"]
transform = Transform( 0.824994, 0.545141, -0.149015, -0.508124, 0.600094, -0.617816, -0.247374, 0.585413, 0.772073, -3.65475, 0, -3.1665e-08 )
mesh = SubResource( 11 )
material/0 = null

[node name="CollisionShape" type="CollisionShape" parent="Rocks/StaticBody108"]
transform = Transform( 0.824994, 0.545142, -0.149013, -0.508124, 0.600092, -0.617818, -0.247377, 0.585414, 0.772072, -3.64097, 0.0258865, -0.0139783 )
shape = SubResource( 12 )

[node name="StaticBody109" type="StaticBody" parent="Rocks"]
transform = Transform( 0.999894, 0, -0.0145556, 0, 1, 0, 0.0145556, 0, 0.999894, -9.93512, 32.3348, 25.2223 )

[node name="MeshInstance" type="MeshInstance" parent="Rocks/StaticBody109"]
transform = Transform( 0.539616, 0.660075, -0.522604, -0.0634667, 0.650862, 0.756538, 0.839515, -0.375073, 0.393109, -3.50818, -0.454784, 1.74126 )
mesh = SubResource( 11 )
material/0 = null

[node name="CollisionShape" type="CollisionShape" parent="Rocks/StaticBody109"]
transform = Transform( 0.539617, 0.660076, -0.522603, -0.0634705, 0.650863, 0.756538, 0.839515, -0.375071, 0.393112, -3.4824, -0.467033, 1.72575 )
shape = SubResource( 12 )

[node name="StaticBody110" type="StaticBody" parent="Rocks"]
transform = Transform( 0.999894, 0, -0.0145556, 0, 1, 0, 0.0145556, 0, 0.999894, -9.93512, 32.3348, 25.2223 )

[node name="MeshInstance" type="MeshInstance" parent="Rocks/StaticBody110"]
transform = Transform( 0.323585, -0.236067, -0.916278, 0.436471, 0.896433, -0.0768144, 0.839515, -0.375073, 0.393109, -3.64067, 0.00974655, 0.0681071 )
mesh = SubResource( 11 )
material/0 = null

